<?xml version="1.0"?>
<opencv_storage>
	<coordinate1>
	-0.116
	0.995
	-0.009
	</coordinate1>

	<coordinate2>
	-1.429 <!--x  -->
	1.797  <!--y  -->
	-0.606 <!--phi-->
	</coordinate2>
<!--Swapped coord 1 and 2, 3 and 5-->
	<coordinate3>
	<!-- -0.108
	-0.405
	-1.569 -->
	1.889
	2.043
	-1.575
	</coordinate3>

	<coordinate4>
	2.070
	-1.250
	0.791
	</coordinate4>

	<coordinate5>
	<!-- 1.889
	2.043
	-1.575 -->
	-0.108
	-0.405
	-1.569
	</coordinate5>
</opencv_storage>
